# grupy po 100 elementów, zapis co 10 grup
0.39
0.42
0.418095238095
0.422258064516
0.416097560976
0.414509803922
0.413442622951
0.41676056338
0.412716049383
0.412197802198
0.409900990099
0.407117117117
0.406859504132
0.405572519084
0.405673758865
0.404834437086
0.404534161491
0.404269005848
0.404364640884
0.404607329843
0.404278606965
0.403791469194
0.403167420814
0.402727272727
0.401701244813
0.401474103586
0.402298850575
0.40184501845
0.402348754448
0.403024054983
0.403853820598
0.403151125402
0.403831775701
0.404229607251
0.404017595308
0.404045584046
0.403988919668
0.403827493261
0.404593175853
0.404501278772
0.404663341646
0.404890510949
0.40513064133
0.405707656613
0.406009070295
0.406186252772
0.405986984816
0.406178343949
0.406424116424
0.406109979633
0.406407185629
0.406301369863
0.406871401152
0.407269303202
0.40741219963
0.408257713249
0.407807486631
0.407635726795
0.40734939759
0.407191201354
0.4068718802
0.406530278232
0.406280193237
0.406339144216
0.40608424337
0.406113671275
0.405960665658
0.406110283159
0.40597650514
0.405976845152
0.406119828816
0.406244725738
0.406241331484
0.406388508892
0.406383265857
0.406391478029
0.406544021025
0.406407263294
0.406184379001
0.405777496839
0.405830212235
0.405906288533
0.406199756395
0.406101083032
0.406099881094
0.406357226792
0.406445993031
0.406222732491
0.406095346198
0.405982042649
0.406226415094
0.406355653128
0.406568946797
0.406616541353
0.406663124336
0.406298633018
0.406337148803
0.406333676622
0.406095820591
0.406185671039
