1.0
0.909090909091
0.857142857143
0.838709677419
0.80487804878
0.803921568627
0.83606557377
0.830985915493
0.827160493827
0.835164835165
0.851485148515
0.864864864865
0.851239669421
0.862595419847
0.872340425532
0.867549668874
0.869565217391
0.87134502924
0.872928176796
0.874345549738
0.865671641791
0.867298578199
0.846153846154
0.844155844156
0.846473029046
0.844621513944
0.850574712644
0.856088560886
0.857651245552
0.848797250859
0.853820598007
0.852090032154
0.85046728972
0.85498489426
0.859237536657
0.85754985755
0.861495844875
0.865229110512
0.866141732283
0.867007672634
0.870324189526
0.873479318735
0.874109263658
0.874709976798
0.877551020408
0.880266075388
0.880694143167
0.883227176221
0.883575883576
0.885947046843
0.884231536926
0.886497064579
0.886756238004
0.887005649718
0.887245841035
0.887477313975
0.889483065954
0.889667250438
0.889845094664
0.888324873096
0.886855241265
0.887070376432
0.887278582931
0.887480190174
0.884555382215
0.884792626728
0.886535552194
0.888226527571
0.888399412628
0.885672937771
0.884450784593
0.883263009845
0.884882108183
0.886456908345
0.887989203779
0.88948069241
0.888304862024
0.889753566796
0.889884763124
0.891276864728
0.89013732834
0.891491985203
0.88915956151
0.890493381468
0.889417360285
0.889541715629
0.886178861789
0.88748564868
0.88649262202
0.886644219978
0.88679245283
0.886937431394
0.887079261672
0.887218045113
0.887353878852
0.888538380652
0.887617065557
0.887744593203
0.885830784913
0.885973763875
0.885114885115
0.8862512364
0.88736532811
0.886517943744
0.886647454371
0.887725975262
0.887841658812
0.888888888889
0.887141535615
0.88725939505
0.887375113533
0.887488748875
0.888492417484
0.889478337754
0.888694127958
0.888792354474
0.888888888889
0.889837745517
0.890770533446
0.891687657431
0.892589508743
0.891824938068
0.892710892711
0.89358245329
0.894439967768
0.893685051958
0.89452815226
0.894571203777
0.895394223263
0.895429899303
0.89623366641
0.897025171625
0.897047691143
0.897821187077
0.898583146905
0.898593634345
0.897869213813
0.897884755653
0.898624185373
0.899352983465
0.899357601713
0.8993621545
0.898662913441
0.899371069182
0.899375433727
0.898690558236
0.899383983573
0.900067980965
0.899392302498
0.898054996647
0.898734177215
0.899404367968
0.899408284024
0.899412148922
0.900064892927
0.898774983881
0.899423446509
0.898154042011
0.898798228969
0.898177247014
0.896939412867
0.897579143389
0.89759407773
0.897608828939
0.896404631322
0.895215021199
0.895845875978
0.895272292041
0.895895300416
0.895919574216
0.896531452087
0.896551724138
0.897152818129
0.896591565569
0.896611143021
0.896630496859
0.897217490062
0.897233201581
0.896125772038
0.895589056393
0.895058300944
0.893981225842
0.89346512905
0.892954669579
0.893536121673
0.892490545651
0.892530897367
0.893105291288
0.893141945774
0.893178212586
0.893214097843
0.893249607535
0.893284747527
0.892801657172
0.892838742916
0.892875448488
0.89342172361
0.892947742263
0.892983341747
0.893520843797
0.894052973513
0.894082545997
0.894111825829
0.894140817331
0.894659480647
0.894685519259
0.89519650655
0.89570255915
0.895242671792
0.895743663319
0.896239885769
0.895783988631
0.895332390382
0.894885030502
0.894908921065
0.894932589493
0.895418787598
0.895900506679
0.895002292526
0.895025102693
0.894139027715
0.894165535957
0.894642053129
0.895114298521
0.895582329317
0.896046201688
0.896063688633
0.896521356231
0.896098202543
0.896115233522
0.895262929161
0.895283427088
0.895303748384
0.895752895753
0.896198205895
0.895789025946
0.895383312156
0.894981020666
0.895422091558
0.895023002928
0.895043731778
0.894649523019
0.894258570838
0.8942821884
0.894715280623
0.894328845369
0.894758228362
0.894779441522
0.894397420395
0.894821356885
0.894442223111
0.89486260454
0.894882982943
0.894508099565
0.894529712712
0.894159153273
0.8937914877
0.893426682225
0.893452150329
0.893477421845
0.893118031526
0.892761394102
0.892407478062
0.892436335994
0.892464975388
0.892870614862
0.892521608418
0.892549606889
0.892950391645
0.892604979562
0.893002591633
0.893028402803
0.892319000368
0.892347125595
0.892739875958
0.892766266812
0.892430278884
0.892457596536
0.892484717727
0.892153350054
0.89253837915
0.892564923515
0.892236795463
0.892617449664
0.89264343541
0.891967730621
0.891995805662
0.89237199582
0.892745574453
0.892770667589
0.89314029645
0.893163861216
0.893529613146
0.893551688843
0.893913634818
0.893256523212
0.893617021277
0.893638505554
0.893995303589
0.894015379472
0.8937020993
0.893723015609
0.893743793446
0.893434510063
0.893127260769
0.893149786955
0.893172165959
0.893194399218
0.892891918208
0.893238434164
0.893582715253
0.893924783028
0.893944248638
0.894282976685
0.894301177969
0.894319263726
0.894337235052
0.894039735099
0.894058472179
0.894390473206
0.894720399875
0.894425412644
0.894442719652
0.89445991953
0.894785560012
0.894494001846
0.89389757743
0.893610516662
0.89332520573
0.893041628684
0.893365646774
0.893083660526
0.893405600723
0.893125187631
0.893445076324
0.893763055804
0.893484082118
0.893503411451
0.89322685596
0.893246829844
0.893266686269
0.892700087951
0.893013738673
0.893325561061
0.893344957861
0.892784700087
0.892516613695
0.892250072025
0.892272335536
0.892580922372
0.892602113682
0.892908003418
0.892360124964
0.892381761541
0.892403275911
0.892706279921
0.89300758214
0.89302716326
0.893325886624
0.893065998329
0.893362954735
0.89338133481
0.893123446562
0.893142385018
0.893161219445
0.892906053136
0.89292543021
0.892944701716
0.892692203206
0.892982931455
0.893272088625
0.893020749124
0.892233270626
0.892522112034
0.892809409249
0.892561983471
0.892847646902
0.892601431981
0.891827558847
0.891849116328
0.891607471718
0.891629493571
0.891127976969
0.891151135474
0.891174173392
0.891197091665
0.890960890961
0.890725910617
0.890749806751
0.890773580057
0.890540886952
0.890565072871
0.890844172405
0.89086746375
0.890890636894
0.891166793217
0.891441555163
0.890959456056
0.890982165285
0.89125532448
0.89152711822
0.891548242334
0.891817955732
0.891838253535
0.892105914378
0.892125401136
0.89239103669
0.892164087448
0.892428326391
0.892691273527
0.892709095343
0.892726830455
0.892987139044
0.893246187364
0.893503984545
0.893760539629
0.894015861572
0.893790457924
0.893566132504
0.893581484133
0.893596762676
0.893849441938
0.894100923952
0.894351217206
0.894364536666
0.894613032228
0.894625674724
0.894872395224
0.894417192245
0.89419715684
0.894443152755
0.894456042682
0.894237445036
0.894481643962
0.894033632804
0.894047345438
0.894060995185
0.894074582475
0.894316366126
0.894557048508
0.894342194956
0.894355021537
0.894141596924
0.894154818325
0.894167980185
0.894405751517
0.894194126877
0.894430776113
0.89422004017
0.894455577822
0.894467896023
0.89448015961
0.894492368945
0.894725226219
0.894736842105
0.894528675016
0.89475992107
0.894990155327
0.895219384414
0.89522979743
0.895022821126
0.895033615268
0.895260766068
0.895486935867
0.895281189399
0.895291335197
0.89530143746
0.895311496468
0.895535142064
0.895331485824
0.89534141672
0.895351305455
0.895572971828
0.895370957514
0.895380721367
0.895179962113
0.895400126024
0.895409767344
0.895419368333
0.895637653934
0.895438450323
0.895447931823
0.895457373989
0.895466777065
0.895682710184
0.895485466914
0.895494754166
0.895298706631
0.895103462405
0.895317930893
0.895123444195
0.894929749542
0.894940052835
0.895153112959
0.895365310666
0.895172692385
0.894980850635
0.895192114263
0.895201766714
0.895011019836
0.895220955809
0.894232688086
0.89444333798
0.894255615186
0.894465383852
0.894278360721
0.894289666074
0.894103727076
0.894312143279
0.894126890591
0.893550284258
0.893758559969
0.893966022261
0.893782888326
0.893794981521
0.893807027762
0.89381902732
0.893637594276
0.89345686161
0.893469466384
0.893289751971
0.8934945308
0.893698525187
0.893710571592
0.893722572028
0.893353646924
0.893556358107
0.893568582812
0.893580761219
0.893592893593
0.89341633654
0.893617021277
0.893816951701
0.893640967923
0.893278412282
0.893477854607
0.893676552882
0.893874511264
0.894071733878
0.894268224819
0.89446398815
0.894474219183
0.89448441247
0.894494568219
0.894320896894
0.894331315355
0.894524812305
0.894169256077
0.893814997263
0.894008377345
0.894201054354
0.894393032118
0.894584314436
0.894594105948
0.89442338928
0.894433435417
0.894443445423
0.894632920481
0.89464253718
0.894652119478
0.894483128013
0.894671181608
0.894502757516
0.894690108329
0.894344974295
0.894178021589
0.894364953188
0.89437488979
0.89438479141
0.894043226147
0.894053674794
0.89406408685
0.894249257123
0.89443378119
0.894443476746
0.894453138585
0.894636347856
0.894645642003
0.894481923543
0.894491452253
0.894500948112
0.894166236448
0.893832674798
0.893843251586
0.893511385037
0.893522474791
0.893533526702
0.893544540964
0.893555517769
0.893566457308
0.89357735977
0.893588225343
0.893430163824
0.893609846569
0.893452280761
0.893463283482
0.893306492199
0.893317702227
