# zapis co 100 próbek
0.356435643564
0.373134328358
0.378737541528
0.376558603491
0.36127744511
0.376039933444
0.380884450785
0.380774032459
0.380688124306
0.38961038961
0.393278837421
0.398834304746
0.397386625673
0.402569593148
0.399067288474
0.394128669582
0.396825396825
0.397001665741
0.395581273014
0.394802598701
0.400761542123
0.402089959109
0.400695349848
0.401082882132
0.39944022391
0.402537485582
0.401703072936
0.401999285969
0.400896242675
0.400866377874
0.402128345695
0.404561074664
0.404422902151
0.403116730373
0.401885175664
0.402665926132
0.403944879762
0.405945803736
0.405537041784
0.405398650337
0.405998536942
0.404903594382
0.405719600093
0.406044080891
0.407909353477
0.406650728103
0.407785577537
0.405540512393
0.404407263824
0.404919016197
0.404038423838
0.406075754663
0.406904357668
0.406961673764
0.405562624977
0.405463310123
0.405893702859
0.405102568523
0.406032875784
0.406765539077
0.408293722341
0.408159974198
0.408030471354
0.407436338072
0.407475772958
0.407968489623
0.406954185942
0.40699897074
0.407332270685
0.407798885873
0.408252358823
0.40772114984
0.40775236269
0.406836913931
0.407412345021
0.40757795027
0.407998961174
0.408024612229
0.407543348943
0.405824271966
0.404641402296
0.40470674308
0.40452957475
0.406380192834
0.406187507352
0.405417974654
0.405815423515
0.405635723213
0.405909448377
0.406510387735
0.406219096803
0.406694924465
0.407375551016
0.406977981066
0.407536048837
0.408186647224
0.407999175343
0.407509437812
0.40702959297
0.406459354065
0.40689040689
0.407705126948
0.407436171246
0.407941544082
0.407485001428
0.406282426186
0.405756471358
0.404869919452
0.40537565361
0.405144986819
0.404648229889
0.404785287028
0.404388992125
0.404087360758
