1.0
1.0
1.0
0.967741935484
0.951219512195
0.941176470588
0.918032786885
0.915492957746
0.925925925926
0.934065934066
0.920792079208
0.927927927928
0.925619834711
0.931297709924
0.936170212766
0.933774834437
0.919254658385
0.918128654971
0.922651933702
0.926701570681
0.92039800995
0.914691943128
0.918552036199
0.922077922078
0.917012448133
0.91235059761
0.915708812261
0.918819188192
0.918149466192
0.914089347079
0.916943521595
0.913183279743
0.91277258567
0.909365558912
0.909090909091
0.911680911681
0.914127423823
0.913746630728
0.913385826772
0.910485933504
0.910224438903
0.905109489051
0.902612826603
0.902552204176
0.902494331066
0.90243902439
0.902386117137
0.900212314225
0.898128898129
0.89816700611
0.898203592814
0.898238747554
0.898272552783
0.894538606403
0.896487985213
0.896551724138
0.898395721925
0.896672504378
0.896729776248
0.895093062606
0.896838602329
0.89852700491
0.900161030596
0.901743264659
0.903276131045
0.904761904762
0.906202723147
0.904619970194
0.906020558003
0.905933429812
0.905848787447
0.904360056259
0.905686546463
0.906976744186
0.906882591093
0.906790945406
0.908015768725
0.906614785992
0.90781049936
0.906447534766
0.905118601748
0.90382244143
0.903775883069
0.903730445247
0.904875148633
0.90481786134
0.901277584204
0.901262916188
0.902383654938
0.901234567901
0.901220865705
0.902305159166
0.902280130293
0.901181525242
0.902231668438
0.902208201893
0.903225806452
0.904222451081
0.905198776758
0.905146316852
0.905094905095
0.906033630069
0.90597453477
0.906886517944
0.907780979827
0.905803996194
0.906691800189
0.906629318394
0.90749306198
0.906507791017
0.906448683015
0.907290729073
0.907225691347
0.906277630416
0.907099035933
0.906168549088
0.906976744186
0.906917164816
0.907705334462
0.907640638119
0.907577019151
0.908340214699
0.908271908272
0.908204711617
0.908138597905
0.908872901679
0.90959555908
0.908733280881
0.907103825137
0.90704879938
0.906994619523
0.907704042715
0.907645722937
0.90833959429
0.907531692767
0.908216136195
0.908890521675
0.909555069292
0.910209992759
0.91013659238
0.909350463954
0.908575478384
0.90851513019
0.907756813417
0.907702984039
0.907649896623
0.907597535934
0.907545887152
0.906819716408
0.906103286385
0.906728847435
0.907346128392
0.906640368179
0.907250163292
0.907852044127
0.908446163765
0.907751441384
0.90833863781
0.908285895003
0.908862350723
0.909431605247
0.909993792675
0.9105490438
0.911097486205
0.911639244363
0.910963052695
0.91029500301
0.910233393178
0.910172516359
0.910703725606
0.910052910053
0.909409701929
0.909355026148
0.909300982091
0.909247558874
0.90919474586
0.909710391823
0.909090909091
0.909039865244
0.908431044109
0.908384230983
0.908337934843
0.908292147172
0.90824685964
0.908202064096
0.90869800108
0.908651262762
0.908070550508
0.90802764487
0.90798519302
0.907943187796
0.908424908425
0.907860489328
0.908337648887
0.908809891808
0.909277293696
0.909739928608
0.90969051243
0.909641595154
0.909593169262
0.909545227386
0.909000497265
0.909450766947
0.909896602659
0.90984811367
0.909800097513
0.909267345949
0.909705456301
0.909658817876
0.910090865615
0.910042836744
0.909521553766
0.909476661952
0.908962928203
0.907986921999
0.907484890748
0.907913003239
0.90833717181
0.908298945438
0.907348242812
0.906860517946
0.906377204885
0.90634849167
0.906768265352
0.906738063365
0.90670812972
0.906678460858
0.90664905328
0.90705830776
0.907463989524
0.907866145154
0.908264820424
0.908229211547
0.908622908623
0.909013242204
0.908974904296
0.909360440491
0.909742724589
0.909701805964
0.909661229611
0.909620991254
0.909166321029
0.909128459314
0.909090909091
0.90905366653
0.90860873113
0.908167411621
0.908134358559
0.908101571947
0.908470493778
0.90843662535
0.908403026683
0.908369694566
0.907941525089
0.907516725699
0.907879263034
0.907848496681
0.908206923376
0.907400232468
0.90775762254
0.908112264514
0.908464189966
0.908431896223
0.908019764348
0.907989397955
0.907582044512
0.907553551297
0.907899663048
0.907870197687
0.908212560386
0.907811921511
0.907414238288
0.907019478133
0.906993775174
0.906968259759
0.905852417303
0.906193408185
0.90617105738
0.906508450198
0.906843425296
0.907176008568
0.90679473497
0.907125132932
0.907099964677
0.907074973601
0.906699403718
0.905627403006
0.905259491466
0.905588337383
0.905569007264
0.905205101689
0.905187220886
0.905169462513
0.905151825316
0.905134308058
0.905116909522
0.905437352246
0.905419050825
0.905400872191
0.904714142427
0.905031656115
0.905014945201
0.904998344919
0.904651930056
0.904307793489
0.904293674205
0.904279647174
0.903940084663
0.903927296332
0.903914590747
0.903901967107
0.904210864674
0.903876962512
0.903864580006
0.903533906399
0.903840050778
0.904144258146
0.904131188899
0.904432568375
0.904418677531
0.904717275851
0.904702584865
0.904687985098
0.9040544723
0.904350509102
0.904029529376
0.904323827047
0.904616325283
0.90460225541
0.904892130052
0.904877309906
0.905164602839
0.905450165613
0.90573401381
0.906016162826
0.90599820949
0.905980362987
0.905665974488
0.90594498669
0.905632556768
0.905910026463
0.905892700088
0.905583162818
0.905858350335
0.905841325196
0.906114169806
0.906385437735
0.90665514261
0.906061476587
0.906044113435
0.906026849472
0.905724864711
0.905424595285
0.905126026621
0.905393956509
0.905378766545
0.905082841898
0.905348641837
0.905054454063
0.905318852687
0.905304082199
0.90528939352
0.905274785971
0.904984852658
0.90524581159
0.90523144344
0.905217153783
0.905475347317
0.904645476773
0.904361961528
0.904620372872
0.904607922393
0.904595538834
0.904851246315
0.904570970329
0.904825379899
0.905078436586
0.904799787855
0.904787093362
0.90477446584
0.905024993423
0.905011807924
0.905260403036
0.904985643435
0.905233012236
0.905479096339
0.905205905206
0.90519245673
0.905179077557
0.904651760473
0.90463983594
0.904372283304
0.904616169345
0.904858814551
0.904846485664
0.904834219185
0.904822014643
0.904809871569
0.9047977895
0.905036331746
0.904773806548
0.904761904762
0.904998756528
0.904738278343
0.904974016333
0.905208590471
0.90519576459
0.905183001719
0.904680225435
0.904424346126
0.904413557669
0.904402821698
0.904149478282
0.904139433551
0.904370924897
0.904360395086
0.90459024273
0.904339486934
0.904568285099
0.904318778335
0.904546536539
0.904535739729
0.904524994077
0.904750649965
0.904267861353
0.904257821689
0.904247829148
0.904472020604
0.904695164681
0.904218130972
0.904208323646
0.904198561819
0.903957417265
0.903948279843
0.90393918452
0.903930131004
0.903921119009
0.90391214825
0.904131476832
0.904349806422
0.904339922745
0.903876671956
0.903867903189
0.904084856691
0.904075658635
0.90406650191
0.903833221251
0.90360098412
0.903592948003
0.903584947673
0.903799155743
0.904012414099
0.90400353904
0.903774001324
0.903985906188
0.90397714788
0.904187678141
0.903959746226
0.903951102379
0.904160313657
0.904368615518
0.904359141184
0.90413330448
0.904340315267
0.904330963154
0.904321651258
0.904097833083
0.904089060158
0.904293954283
0.904497974845
0.904488406722
0.904266610062
0.904257572548
0.904459945043
0.904239611896
0.904230688276
0.904221802142
0.904422552924
0.90462246392
0.904612815696
0.904186627786
0.904385782582
0.904376685335
0.904574622231
0.904771741376
0.904761904762
0.904957827607
0.905152946007
0.905142388855
0.905336332038
0.905529483779
0.905721848911
0.9057102215
0.905698641249
0.905687107873
0.905675621087
0.905664180609
0.905853952927
0.90604296326
0.90603085554
0.906218756249
0.906405907005
0.906592312288
0.906777976545
0.90636778417
0.906157196595
0.906145030626
0.906132912641
0.906317654005
0.906501669613
0.906292883748
0.906476227744
0.906463581332
0.906450984214
0.906243921416
0.906425936711
0.906607246658
0.906787855347
0.90696776684
0.906761702947
0.906556431455
0.906735751295
0.906914384218
0.906518830052
0.906124785346
0.905922681394
0.905911423684
0.905520774047
0.905699678091
0.9054999055
0.905489530277
0.905479194125
0.905468896824
0.905646220221
0.905635648755
0.905811997757
0.905428091774
0.905417985478
0.905407916744
0.905583379707
0.905573042029
0.905562742561
0.905552481092
0.905726385564
0.90553207131
0.905705375161
0.905694927669
0.905501736428
0.905491698595
0.905481697323
0.905653517542
0.905824714208
0.905633037493
0.905442053878
0.90525175961
0.905422446406
0.905232871786
0.905223478729
0.905034939975
0.905204793418
0.90537404035
0.905542684014
0.905710727629
0.905522997691
0.905335933345
0.905503450717
0.905317081788
0.905307705872
0.905474388312
0.905289052891
0.905455183301
0.905445631238
0.905086523335
0.90507764788
0.905068803344
0.904886106764
0.905051206388
0.905042453648
0.905033731188
0.905025038853
0.904671608343
0.904835656514
0.904827349253
0.904647573315
0.904810820065
0.904802597847
0.904965023034
0.904615908704
0.904608059854
0.904600237651
0.904422979156
0.90424632042
0.904408039183
0.90440060698
0.904393199798
0.90438581751
0.904042945814
0.90420365098
0.904196622638
0.90418961776
0.904182636227
0.904342039594
0.904168742734
0.904327640524
0.904320476742
0.904313336639
0.904471209371
0.904628562016
0.904620950502
0.904449187326
0.904605802327
0.904761904762
0.904427381147
0.904583265373
0.904087282202
0.904243212486
0.904236325272
0.904067412089
0.904222617699
0.903892747537
0.903725205612
0.903558203188
0.903713229384
0.903225806452
0.903380868451
0.903055511118
0.902890911995
0.903045766225
0.903200127368
0.903353997775
0.903348674814
0.903343368721
0.903338079418
0.903490759754
0.903169847027
0.903007400409
0.90284546455
0.902997959504
0.902836545996
0.902988577687
0.903140134354
0.903135236313
0.902974614546
0.903125485928
0.903120633442
0.902960781274
0.902956198731
0.903106165971
0.903101373245
0.903096595286
0.903091832026
0.903240669636
0.90292899862
0.902924513857
0.902767160985
0.902762936956
0.902911141594
0.902906711307
0.902902294484
0.903049613109
0.902893500985
0.902586598094
0.902582691436
0.902578796562
0.902725493149
0.902871748609
0.902717309713
0.90286313896
0.903008531657
0.903004035271
0.902850320848
0.90284607361
0.902841839012
0.902689050661
0.902685061564
0.90253295808
0.902381304541
0.902525476296
0.902669222828
0.902665292299
0.902367298927
0.902363823227
0.902506963788
0.902503293808
0.902499634556
0.90264195008
0.902346596706
0.902197642265
0.902049120767
0.901901030329
0.901898275612
0.902040225727
0.90203727785
0.902034338479
0.902175479038
0.902316213494
0.90231288608
0.902166116769
0.901876521988
0.902016878844
0.902156834738
0.902011125374
0.902008260931
0.902147631916
0.902144581736
0.902141540207
0.902138507294
0.901994060246
0.901991244175
0.902129459879
0.902126461062
0.901982843482
0.902120488695
0.902257747861
0.902254586192
0.902251433366
0.902248289345
0.902384604658
0.902381283944
0.902238909748
0.902096930982
0.90209402302
0.901952638139
0.902088231227
0.901947244856
0.902082471383
0.901941881284
0.901939210563
0.902073890949
0.901933891099
0.901931242296
0.901928600739
0.901789373036
0.901650525167
0.901648276802
0.901646034553
0.901779649504
0.901777235111
0.901639344262
0.901772425923
0.901905147953
0.902037511807
0.901900013475
0.901897456601
0.901894906599
0.901758153268
0.90175579681
0.901887297551
0.902018446732
0.902015752236
0.902013064925
0.901877246705
0.901874750698
0.90187226132
0.902002386951
0.901867302344
0.901732575056
0.90173028662
0.90185991294
0.901857462785
0.901986580713
0.902115359348
0.90211258365
0.901978770803
0.901976181128
0.901973598222
0.90197102206
0.902098813714
0.902226272621
0.902353400078
0.902480197377
0.902347296071
0.902473772827
0.902341223645
0.902338199199
0.902206166946
0.902203324314
0.902200488998
0.902197660969
0.902323193428
0.902320215357
0.902317244911
0.902442142948
0.902311326778
0.90218084428
0.902178066488
0.902048085485
0.901918434761
0.901916000508
0.902040299075
0.902037716745
0.902161547213
0.902032571645
0.902156096331
0.902153381186
0.901773361841
0.90177113428
0.901643457534
0.901641398321
0.901764485046
0.901762279715
0.90176007989
0.90175788555
0.901755696675
0.901753513245
0.901751335238
0.901873216722
0.9018708958
0.901868580621
0.901619082932
0.90149364276
0.901615090618
0.901613101835
0.901611117944
0.901731973959
0.901729849098
0.901727729445
0.901603230939
0.901601271238
0.901599316323
0.901719302524
0.901838996468
0.901715119815
0.901591544162
0.901710957408
0.901708883772
0.901706815156
0.901583847177
0.901702692911
0.90182125196
0.901819057945
0.901696546745
0.901574330008
0.901692473893
0.901690444791
0.90156867441
0.901686401148
0.901803846613
0.901682376805
0.901680371827
0.901678371622
0.901676376174
0.901555634723
0.901553789586
0.901551948821
0.901550112413
0.901548280345
0.901428402786
0.901544629171
0.901660581792
0.901776261616
0.901656679591
0.90165473536
0.901652795686
0.901767942864
0.901765875336
0.901763812639
0.901645082254
0.901410092064
0.901524851589
0.901523078712
0.901637440483
0.901751536945
0.901749507589
0.901863210277
0.901976650098
0.901974367856
0.90208741783
0.901969819145
0.902082614199
0.902080220664
0.902192630008
0.902190115812
0.902187607376
0.902070701293
0.902068335047
0.902065974204
0.901949606658
0.901947386402
0.901945171198
0.902056584479
0.901940755873
0.902051921551
0.902162835466
0.902273498473
0.902383911422
0.902381221081
0.902378536805
0.902375858574
0.902373186368
0.902370520166
0.902367859948
0.902477300751
0.902474526929
0.902359914998
0.902245559155
0.902243053231
0.902352023186
0.902126711947
0.902124346569
0.902233085213
0.902230607036
0.902228134353
0.902336396855
0.90200199093
0.90199977903
0.901997572012
0.902105611289
0.902103292589
0.90221097789
0.90198879244
0.901767094721
0.90187479443
0.901653707151
0.901761295263
0.901759370561
0.90175745006
0.901864573111
0.901862542207
0.901969317811
0.901967177481
0.901856475953
0.90185446264
0.901527461813
0.901417595498
0.90152415955
0.901522513767
0.901520871535
0.901626979851
0.901732859757
0.901838511988
0.901943937278
0.902049136359
0.902046940307
0.901937694037
0.902042562293
0.902147206495
0.902144915164
0.902142628718
0.902246832073
0.902138070418
0.902135798534
0.902239677317
0.902343335807
0.90223493274
0.902126759073
0.902124511151
0.902016682504
0.902014555427
0.901907069856
0.902010314704
0.90200820103
0.901901060813
0.90200398699
0.901897075778
0.901895089519
0.901893107416
0.901995611744
0.902097902098
0.902095714733
0.902093531924
0.902091353657
0.902089179919
0.902087010695
0.90218856965
0.902082685732
0.902080529966
0.901974976735
0.902076231794
0.902074089361
0.902175033502
0.902275769746
0.902170558585
0.902271092385
0.902268760908
0.902266434212
0.902264112284
0.902057107768
0.901850526531
0.901848636503
0.901948780737
0.902048720824
0.902148457387
0.902247991049
0.902042475358
0.90204040199
0.901734104046
0.90173234728
0.901831798401
0.901829946416
0.901929098071
0.902028049642
0.902026005443
0.902124660155
0.902122522885
0.902220882323
0.902118261219
0.90191555511
0.901713255185
0.901811630467
0.901809819018
0.901808011188
0.901905997405
0.90180440634
0.901802609302
0.901900308427
0.90189841964
0.901896534604
0.9017954568
0.901892775741
0.901791901792
0.901691227376
0.901788360834
0.901687888659
0.901587614634
0.901586050635
0.901682905226
0.901681250614
0.901777821432
0.901776076931
0.901676306244
0.901674664577
0.901673026123
0.901671390871
0.901767405527
0.901863232855
0.901861417016
0.901859604712
0.901760529131
0.901758818385
0.90175711096
0.90156143924
0.901559926364
0.901655212467
0.901653611836
0.901748623321
0.901843451404
0.901938096616
0.901743569984
0.901645654894
0.901547928084
0.901546441264
0.901544957298
0.901639344262
0.901733550426
0.901827576308
0.901825829271
0.901728583707
0.901726934453
0.901629968544
0.901723645367
0.901817143944
