1.0
0.454545454545
0.333333333333
0.322580645161
0.365853658537
0.352941176471
0.344262295082
0.366197183099
0.407407407407
0.417582417582
0.405940594059
0.405405405405
0.421487603306
0.412213740458
0.41134751773
0.403973509934
0.428571428571
0.421052631579
0.419889502762
0.418848167539
0.417910447761
0.417061611374
0.420814479638
0.415584415584
0.410788381743
0.418326693227
0.409961685824
0.416974169742
0.416370106762
0.419243986254
0.41196013289
0.411575562701
0.408099688474
0.419939577039
0.41348973607
0.415954415954
0.415512465374
0.420485175202
0.425196850394
0.419437340153
0.418952618454
0.418491484185
0.41567695962
0.419953596288
0.426303854875
0.423503325942
0.420824295011
0.422505307856
0.428274428274
0.429735234216
0.431137724551
0.428571428571
0.42802303263
0.429378531073
0.432532347505
0.430127041742
0.429590017825
0.427320490368
0.428571428571
0.426395939086
0.422628951747
0.423895253682
0.426731078905
0.429477020602
0.429017160686
0.433179723502
0.434190620272
0.435171385991
0.436123348018
0.43994211288
0.442225392297
0.443037974684
0.443828016644
0.443228454172
0.441295546559
0.44207723036
0.445466491459
0.446173800259
0.445582586428
0.448798988622
0.445692883895
0.448828606658
0.447015834348
0.447653429603
0.451843043995
0.451233842538
0.448315911731
0.446613088404
0.44721906924
0.446689113356
0.447280799112
0.444566410538
0.447339847991
0.445757250269
0.444208289054
0.441640378549
0.43912591051
0.439752832132
0.440366972477
0.442986881937
0.442557442557
0.4431256182
0.444662095984
0.445198836081
0.445725264169
0.443387250238
0.447690857681
0.446311858077
0.443108233117
0.441796516957
0.442325158946
0.443744374437
0.444246208742
0.442970822281
0.44347063979
0.442224152911
0.441860465116
0.440649017933
0.437764606266
0.43744752309
0.436303080766
0.436003303055
0.436527436527
0.437043054427
0.437550362611
0.439648281375
0.439333862014
0.438237608183
0.43793911007
0.438419829589
0.4381245196
0.439359267735
0.439818319455
0.438767843727
0.438478747204
0.438193930422
0.437913299045
0.437636761488
0.438812454743
0.439252336449
0.439685938615
0.438695960312
0.437719915552
0.438853948288
0.437196391395
0.436940041351
0.435318275154
0.43507817811
0.434166103984
0.433266264252
0.43237841439
0.432825943084
0.433267587114
0.432397126061
0.431537962362
0.430689877498
0.430493273543
0.429662635264
0.430107526882
0.430546825896
0.43222985634
0.431409062694
0.429981492906
0.429184549356
0.427787934186
0.42761962447
0.427453341361
0.426092160383
0.427126710291
0.426374926079
0.426219870664
0.426651081239
0.425915165601
0.425765453495
0.42504307869
0.426042261565
0.427597955707
0.427442123094
0.427288040427
0.4265773311
0.425319267074
0.425731639978
0.425590334981
0.424904423812
0.425855513308
0.425715829281
0.425577646427
0.425975414217
0.426368952685
0.426229508197
0.426091530773
0.425954997384
0.424258198855
0.423614707405
0.423493044822
0.423885187084
0.424273329934
0.423135464231
0.423018677436
0.422400803616
0.424287856072
0.424664346096
0.425037110341
0.424913835549
0.424301812837
0.424670892248
0.426006792819
0.424915499759
0.424795771264
0.424677187948
0.424083769634
0.423969682615
0.4243281471
0.423744720788
0.42503503036
0.426313342631
0.425728829246
0.42653155228
0.425492893168
0.425376540393
0.425715583826
0.426956128449
0.42773525439
0.428059166293
0.428380187416
0.428698356286
0.428571428571
0.428885953325
0.429636124507
0.429506765605
0.429813124728
0.429684119429
0.429125376993
0.429429429429
0.429303716361
0.428328370906
0.429902583651
0.429776465626
0.429231415372
0.428690924299
0.429820907955
0.42969722107
0.429987608426
0.429864253394
0.430151577222
0.430028559772
0.429906542056
0.429380817483
0.428456267634
0.428743476515
0.428228708517
0.427319792911
0.427608092027
0.4286843145
0.427390791027
0.428067424539
0.427567356501
0.427460132244
0.427741185587
0.428406020841
0.428681276432
0.42818843355
0.428462418924
0.428354237932
0.429761453995
0.429649188985
0.429161969185
0.429052789218
0.430436404327
0.430694908956
0.430581266198
0.431206196975
0.431826534362
0.432076162578
0.431959139
0.431115957834
0.431727634915
0.432695777698
0.432937792161
0.432461483339
0.433416636915
0.433653504091
0.433534207728
0.433768986224
0.434002111932
0.433181339881
0.433764418036
0.434691745037
0.4349184311
0.4344517468
0.434332988625
0.434215046376
0.434782608696
0.435005117707
0.435566133968
0.435784479837
0.435663627153
0.436216762033
0.435088896344
0.435305917753
0.435521492836
0.435403520425
0.434624296591
0.434510062686
0.434396580072
0.434611602753
0.433845148644
0.434386193422
0.434599156118
0.434487220964
0.434376007739
0.434586949534
0.434796539571
0.434685404024
0.434574976122
0.435734687401
0.435621638722
0.435193945128
0.435397673688
0.435286743967
0.435488909716
0.435378386795
0.435579012729
0.435468895079
0.435050910213
0.435250692095
0.434835939896
0.434729440538
0.435233160622
0.435429960498
0.434716752499
0.435215946844
0.43450767841
0.435004503152
0.435498353786
0.434795583408
0.435287116929
0.435182438446
0.434782608696
0.434385137128
0.43399000294
0.43476986221
0.434960537854
0.436024482658
0.435338564371
0.435525934512
0.435423288067
0.435321233074
0.435507038207
0.435405327986
0.435018566124
0.434634007405
0.434251633059
0.434154630416
0.433210957357
0.433117431709
0.433305251334
0.432931951834
0.43283998883
0.433305485937
0.433490697029
0.4342287455
0.433858050262
0.433213990636
0.433672068113
0.433579841139
0.432941819175
0.43312448924
0.433577832111
0.43348685993
0.433936773845
0.43384532471
0.433485622145
0.433931921737
0.434108527132
0.434817382031
0.434990693964
0.434632723416
0.434012166094
0.434186230546
0.434359379111
0.434269220677
0.43391782256
0.433829287392
0.433480864358
0.433913269281
0.433048433048
0.433221389822
0.433393455295
0.433050629658
0.432709561651
0.432625926873
0.433052792655
0.433477486645
0.433646282669
0.433054922804
0.432719010351
0.433140266935
0.433057020849
0.432723628163
0.431892026993
0.432311144353
0.43322556578
0.43363929546
0.433556050483
0.433720069119
0.433144545678
0.433308769344
0.43371722617
0.433879247128
0.434528163862
0.434930673802
0.435573889833
0.435971919632
0.43588505192
0.43555769694
0.435712569094
0.435387197315
0.435302559196
0.435218324982
0.434896453225
0.434813583472
0.434494195688
0.4344126684
0.433859938694
0.433545048224
0.433701009153
0.433856239756
0.434010745153
0.434397576323
0.434317600558
0.434006031083
0.434390187457
0.434310782729
0.433540658834
0.433463571593
0.433386837881
0.432852894075
0.432321387811
0.431792302437
0.43240172688
0.432554976196
0.432481339064
0.431956668923
0.432109885161
0.432037744327
0.431293431966
0.431223439946
0.431153760321
0.431307058562
0.430793157076
0.430724894702
0.430878124309
0.430589273891
0.430301695662
0.430235113162
0.429949572462
0.42966528112
0.429818816852
0.430189501198
0.429906542056
0.429624810236
0.429993507899
0.430360613258
0.430726136608
0.431090088153
0.431237931774
0.43074288161
0.430463576159
0.430398635685
0.430121250798
0.430694120144
0.430840923533
0.431198478123
0.431343598397
0.431698589771
0.431632010082
0.43135610983
0.431918008785
0.431433938635
0.431785044782
0.431511120349
0.431860609832
0.431794659491
0.431935550506
0.431869717584
0.431598436536
0.43194415931
0.432493341528
0.431813535064
0.431952662722
0.432091223783
0.432635643162
0.432569458528
0.432503541793
0.432639870733
0.431969361016
0.43230738282
0.432443284481
0.432177920256
0.432113577285
0.432448613051
0.431985660227
0.431325780163
0.431462011506
0.431003761631
0.430744912073
0.430684283179
0.430623892934
0.430170889806
0.431091942756
0.430835452945
0.430775239211
0.430715260183
0.430460999805
0.430401863716
0.430149195892
0.429510732934
0.430032812198
0.430167597765
0.429917323592
0.430051813472
0.430377322352
0.430128082585
0.430833810342
0.431155970291
0.430906671735
0.430848036426
0.430978981254
0.430542430542
0.430296170534
0.430427414799
0.430746100357
0.431438754455
0.431754353117
0.432255653149
0.432755083007
0.433066468069
0.432819178591
0.432758300872
0.432882799482
0.433006837923
0.433130418742
0.433069416314
0.433192427863
0.433131535498
0.433253982787
0.433375982453
0.433497536946
0.433436532508
0.433375749864
0.434041008891
0.434160478174
0.43446031459
0.434578595921
0.434336155648
0.434094587304
0.434392389158
0.434151585737
0.434090502593
0.433672558472
0.433790768134
0.434086461484
0.4343811046
0.434320156001
0.434082463281
0.433845610316
0.434138599894
0.434254532653
0.434018625901
0.433783546746
0.434074592891
0.433840237721
0.433955679637
0.434419090751
0.434707007477
0.434993924666
0.435279847513
0.435218820273
0.435158003799
0.434925012929
0.434864911375
0.434976808109
0.435259818213
0.435028248588
0.435139292429
0.435249957345
0.435360245273
0.435470158136
0.435579697844
0.435519403491
0.43512096092
0.435061644992
0.435002529084
0.434775290355
0.43505293228
0.43516188559
0.434935521688
0.434877110851
0.434651977967
0.434594234294
0.434869406089
0.43464540774
0.434753772177
0.435027313359
0.434969426541
0.435241709289
0.434854225004
0.435290248314
0.435232309966
0.435174561547
0.435117002127
0.434896258781
0.434839341054
0.435108288552
0.435213786376
0.43531894173
0.43558580457
0.435366445559
0.435147795187
0.434929850024
0.434551601996
0.434174570005
0.43460118761
0.434385515142
0.434330507119
0.434595112602
0.434858874183
0.435121795892
0.435065967255
0.43516902079
0.435113294248
0.435057744028
0.435002369294
0.435104873048
0.43489214297
0.435151705707
0.435096531157
0.435041529541
0.435299640119
0.435400718638
0.43581344564
0.435757670145
0.43585756492
0.435646638721
0.435281351728
0.435226745086
0.435017771596
0.434963740164
0.43552611308
0.435625288417
0.435263400399
0.435362674436
0.435461644465
0.435254548234
0.434895435811
0.435147081238
0.434941409222
0.434888314846
0.434683659536
0.434631116498
0.434427469369
0.43452650657
0.434625245061
0.435476584852
0.435272891295
0.435520192163
0.435766751611
0.435413860201
0.435211478105
0.435308162961
0.435404559678
0.435649456926
0.4354479275
0.435246995995
0.435046659754
0.43529063748
0.435090828533
0.434891608907
0.434840229716
0.434789001617
0.434737923947
0.434393783903
0.434050651442
0.434147054524
0.434389140271
0.434776271681
0.434580119342
0.434384537131
0.434334639385
0.434284886248
0.434090580234
0.433752347927
0.433415091617
0.433511021467
0.433606675299
0.433702054303
0.433797159661
0.434035238505
0.434272636247
0.434080845593
0.433604336043
0.43369890329
0.433935428815
0.433745206647
0.433555524039
0.4333663787
0.433319191062
0.433272136704
0.433225215061
0.433178425574
0.433131767684
0.433085240837
0.433319310055
0.43299257807
0.432806600475
0.433040078201
0.432994003626
0.433087313745
0.43290223891
0.432856547702
0.432949660241
0.433180999862
0.433273406168
0.433227454771
0.433043718108
0.432722765459
0.432677760968
0.432632880099
0.432862433137
0.433091357348
0.433046094925
0.433137549515
0.432819533488
0.433047268764
0.432866276697
0.432685776389
0.432641432641
0.432868175044
0.432688404817
0.432509120389
0.432735123465
0.432825764722
0.432916162024
0.432603144739
0.432290967655
0.432247687977
0.43260607683
0.432696163614
0.43305299693
0.432875616584
0.432565570497
0.432522270975
0.432744655424
0.432436016443
0.432260627731
0.432217960587
0.431911240259
0.431737237831
0.431827163747
0.431390606499
0.431217973985
0.431308227267
0.431398244005
0.431488025128
0.431577571559
0.431536352957
0.431234519619
0.431193854967
0.431283318164
0.431242695754
0.431331863572
0.431161766611
0.430862760316
0.430952073376
0.431170171591
0.431001159644
0.430832582679
0.430664439018
0.430368373765
0.430329444943
0.430034566637
0.429740442399
0.429830162176
0.429792118352
0.429499426825
0.429080269686
0.429043323593
0.429260246162
0.429476618933
0.429312745222
0.429275692074
0.429364979169
0.4293279536
0.429542878731
0.429128411521
0.429091822635
0.429180780329
0.429520110262
0.429983731698
0.429821272341
0.429784046935
0.429871587084
0.430207944216
0.43029473946
0.430505527264
0.430095521647
0.430429934333
0.430516025244
0.430725497466
0.430317244785
0.430526445568
0.430488856052
0.430574345099
0.430659624125
0.430622009569
0.430461953192
0.430424672623
0.430265248747
0.430228299353
0.430313376418
0.430276458409
0.430117990512
0.429959907666
0.430044897464
0.429766088959
0.429851107614
0.429573207593
0.429658253834
0.429863707635
0.429827731599
0.429912164601
0.429756038938
0.429840355299
